1.224041e-03
1.029015e-03
8.857250e-04
9.279251e-04
8.294582e-04
8.783340e-04
1.059771e-03
8.447170e-04
9.095669e-04
8.149147e-04
8.132458e-04
1.158476e-03
8.003712e-04
8.764267e-04
3.385305e-03
6.940365e-04
8.337498e-04
1.573563e-03
8.003712e-04
8.094311e-04
6.854534e-04
8.974075e-04
7.932186e-04
8.430481e-04
7.755756e-04
3.532887e-03
9.379387e-04
8.075237e-04
9.250641e-04
7.688999e-04
9.431839e-04
8.149147e-04
2.110720e-03
1.850605e-03
8.468628e-04
7.443428e-04
7.598400e-04
7.739067e-04
1.138926e-03
7.977486e-04
7.698536e-04
7.891655e-04
8.440018e-04
7.522106e-04
7.991791e-04
7.805824e-04
